92 02010d04 1 -134268952 -134268952
0 02010e20 1 -134267912 -134267912
97 02043d58 2 -134268936 -134268936
68 0204f4c8 1 -134267944 -134267944
0 0204e478 1 -134267944 -134267944
1 0204e4b0 18 -134274448 -134267944
0 0204e4f0 18 -134274448 -134267944
1 0204e530 27 -134274472 -134267944
1 0204e570 24 -134274472 -134267944
0 0204e5b0 28 -134274544 -134267944
2 02031a34 1 -134268152 -134268152
3 0202fe04 1 -134268152 -134268152
0 0202f634 6184 -134269504 -134267952
0 0202f678 1 -134268152 -134268152
0 0202f6f4 1 -134268152 -134268152
0 0202f74c 1 -134268152 -134268152
0 0202f784 1 -134268152 -134268152
348 0202f7e0 21637 -134269536 -134267944
136 0202f81c 9274 -134269536 -134267952
0 02030f08 1 -134268152 -134268152
0 02030bf0 1 -134268152 -134268152
0 0202f850 31 -134268264 -134268152
1 020304c8 1 -134268152 -134268152
217 0202f890 18558 -134269536 -134267984
0 02031f38 1 -134268152 -134268152
1 02031284 1 -134268264 -134268264
1 02030078 2 -134268264 -134268264
0 0202f8f8 2 -134268264 -134268264
0 0202f95c 2 -134268264 -134268264
0 0202fac8 3 -134268264 -134268264
0 0202fba4 1 -134268152 -134268152
2 0202fbf8 3092 -134269504 -134267952
685 0202fc28 3092 -134269504 -134267952
0 0204e5ec 1 -134267944 -134267944
3058 020309d4 3091 -134269504 -134267952
0 0202fc64 6182 -134269504 -134267952
0 0202fc9c 6182 -134269504 -134267952
166 0202fcd4 9391 -134269536 -134267952
1075 02030750 3091 -134269536 -134267984
734 02030278 3091 -134269536 -134267984
125 0202fd08 6241 -134269536 -134267952
0 0204e630 1 -134267944 -134267944
0 0204e66c 1 -134267944 -134267944
0 0203686c 1 -134267912 -134267912
7 0204f090 29 -134270736 -134267928
0 02050b4c 19 -134272752 -134267920
43569 020509d0 32 -134273896 -134269056
6785 02050210 29 -134274472 -134269632
7 02020344 28 -134274504 -134269664
5 0201fa80 28 -134274504 -134269664
1 0201db2c 28 -134274504 -134269664
3 0201de78 84 -134274688 -134269664
9 02020228 56 -134274688 -134269688
0 0201e0e0 56 -134274688 -134269688
0 0201e134 56 -134274688 -134269688
0 0201e194 56 -134274688 -134269688
4 0202a12c 28 -134274528 -134269688
85 0202959c 28 -134274616 -134269776
18 020292b4 28 -134274664 -134269824
16 02023674 56 -134274712 -134269712
8 020219ec 112 -134274712 -134269664
3 020218a4 112 -134274712 -134269664
6 02021f38 56 -134274752 -134269752
211 0201f5f8 1991 -134275168 -134269664
9 02022c04 56 -134274760 -134269760
5 020216b4 56 -134274712 -134269712
5 02020e0c 80 -134274712 -134269712
5 02020964 56 -134274712 -134269712
26 020205b8 471 -134274664 -134269776
22 0201d9f8 762 -134274760 -134269776
50 0201fe0c 772 -134274664 -134269776
27 0201dc4c 785 -134274784 -134269776
5 0201e9b4 28 -134274688 -134269848
553 0201db74 185 -134274688 -134269816
13 02023320 28 -134274656 -134269816
7 02020428 140 -134274880 -134269808
7 0202019c 168 -134274880 -134269808
5 0201dedc 168 -134274880 -134269808
9 0201d2c4 162 -134274832 -134269816
5 0201d328 314 -134275056 -134269776
625 0201f5b8 1377 -134275168 -134269728
3 0201ddd0 157 -134274616 -134269776
5 02028000 10 -134274704 -134269872
4120 0201d7bc 51642 -134274944 -134269728
15 02027c78 50 -134274704 -134269848
0 0201d768 50 -134274704 -134269848
23 020279b8 50 -134274760 -134269904
9 02027900 50 -134274760 -134269904
15 02027608 50 -134274832 -134269976
5 0201ff7c 50 -134274832 -134269976
16 0201d630 852 -134275056 -134269976
3894 0201fecc 67130 -134275056 -134269976
2966 0201d6c4 212194 -134275096 -134269976
3295 0201d71c 212194 -134275096 -134269976
14542 02026ec0 51 -134274944 -134270088
0 0201d874 152 -134275056 -134270088
439 02026064 50 -134275056 -134270200
2 0201d57c 50 -134275080 -134270224
2 0201d97c 50 -134275056 -134270200
128 02025f94 152 -134275056 -134270128
223 02025d6c 152 -134275104 -134270176
2122 02025968 152 -134275168 -134270240
826 0201d8b8 280 -134275168 -134269776
368 0201d90c 17457 -134275168 -134270240
2031 0201d498 93014 -134275056 -134270088
9955 02020830 144534 -134275096 -134270128
14 02021920 152 -134275080 -134270088
1391 02020778 88314 -134274944 -134269848
264 0201f570 425 -134274944 -134269848
1371 0201d38c 51520 -134274944 -134270088
7 0201fcb4 50 -134274760 -134269904
2173 0201da64 50 -134274760 -134269904
2 02022e30 10 -134274752 -134269920
1 0202176c 13 -134274784 -134269952
2 020214f0 24 -134274784 -134269920
9 02020b2c 157 -134274656 -134269816
14 020210cc 129 -134274648 -134269808
2 02027dc4 12 -134274688 -134269848
15 02023ee8 28 -134274640 -134269800
107 02023d64 28 -134274664 -134269824
1 0201ea54 24 -134274616 -134269800
2 0201ec94 12 -134274640 -134269800
0 0201ec0c 12 -134274640 -134269800
1 0201ef48 56 -134274904 -134269776
0 02026e50 1 -134270096 -134270096
2 02026c84 1 -134270128 -134270128
0 02026b44 1 -134270128 -134270128
5 0202064c 28 -134274664 -134269824
1 020204e0 28 -134274664 -134269824
2 020257b8 28 -134274848 -134270008
122 020256c8 28 -134274904 -134270064
2766 02024960 2940 -134275032 -134270192
4 0202314c 28 -134274568 -134269728
4 020237f8 28 -134274504 -134269664
4 0204e35c 135 -134274544 -134269632
248 0204ebc4 2756 -134274472 -134269632
28 0204f9a4 27 -134274544 -134269704
15 0204e700 27 -134274640 -134269800
5 0204f2e8 27 -134274568 -134269728
9 0204f154 27 -134274648 -134269808
410 0204f390 3150 -134269480 -134267928
1558 0202fef4 3150 -134269536 -134267984
15921 0202fd80 846408 -134269880 -134267984
42401 02066d54 2539224 -134269880 -134267984
42 0202fdd0 3150 -134269536 -134267984
42360 02067a38 1037640 -134269744 -134267944
85189 02067990 1083902 -134269816 -134268016
175675 02066da0 983590 -134269880 -134268080
53748 02066d0c 3373032 -134269880 -134268080
310864 0204f3fc 3090 -134269464 -134267912
599 020368a4 3090 -134269480 -134267928
608 02035964 3090 -134269488 -134267936
739 020143a4 481 -134269568 -134268016
245 0201405c 3390 -134271664 -134268016
4 02012ee8 14 -134272712 -134268016
12106 020356a8 3090 -134269528 -134267976
490 0202fe34 3090 -134269496 -134267944
147 0202fd40 6180 -134269496 -134267944
58 0204e43c 3090 -134269464 -134267912
0 020359cc 1 -134267912 -134267912
1 020135ac 1 -134267928 -134267928
1899 02013524 1 -134268968 -134268968
1 02036410 1 -134267928 -134267928
0 02050b94 1 -134267912 -134267912
1 02050af4 13 -134268984 -134267912
179 0203c6b0 1 -134267936 -134267936
1 02066f94 33 -134267936 -134267936
0 02066fcc 33 -134267936 -134267936
0 0200161c 1 16384 -184549376
28 0204c860 1 -134268960 -134268960
0 0201eb30 1 -134270880 -134270880
1 020281e0 1 -134270944 -134270944
1 02021a94 1 -134271000 -134271000
0 0204eca4 1 -134268976 -134268976
0 0204ec58 1 -134268976 -134268976
169891 02035f70 88 -134270024 -134270024
9904 0200e1f4 9916 -134273816 -134269000
1273 020357a8 1624 -134272800 -134270024
27 02035584 1624 -134272800 -134270024
26 020355e0 1624 -134272792 -134270024
138 02035a54 5552 -134270024 -134269168
1743 02058808 1 -134268976 -134268976
16159 02043dd0 9 -134273800 -134269000
802 0200e1a0 1934 -134273824 -134269008
2 02002da8 1 -134268960 -134268960
0 0204edd8 11 -134272744 -134268976
0 020437c8 1 -134268952 -134268952
1 02014728 1 -134268952 -134268952
1 02059580 1 -134268952 -134268952
1526 02000c94 1 -134268992 -134268992
189 02001710 2 -134269008 -134269008
31 0201be9c 7 -134272720 -134269008
1 0204c408 8 -134272744 -134269008
0 020074c4 2 -134269008 -134269008
0 0201cc1c 2 -134269008 -134269008
0 0201d014 3 -134271616 -134269008
3 020478bc 6 -134271624 -134269016
0 02012f60 6 -134271640 -134269032
3 020135e8 6 -134271664 -134269056
11175 02013b28 6 -134272712 -134270104
12 02012e8c 6 -134272712 -134270104
5087 0201387c 6 -134272712 -134270104
13 02013a60 96 -134272712 -134270104
106 020134b4 96 -134272712 -134270104
1483 02013098 96 -134272776 -134270168
32 02035628 2163 -134272800 -134269056
14061 0200e080 36172 -134272744 -134270136
281 02035b14 1408 -134272736 -134270128
1518 02035820 1408 -134272736 -134270128
1 02013004 6 -134271648 -134269040
0 020139bc 6 -134271656 -134269048
0 02012fa4 6 -134271640 -134269032
50 02047620 4 -134272704 -134270096
1 0205bb88 4 -134272728 -134270120
26171 0201488c 4 -134273744 -134271136
14567 02014914 4 -134273760 -134271152
14775 0200218c 4 -134273792 -134271184
100 02001760 1161 -134273808 -134269184
15673 02003718 4 -134273776 -134271168
67 02002e64 8 -134273776 -134271168
1 02043fd0 4 -134272728 -134270120
0 0205d738 4 -134272760 -134270152
28 020038d4 7 -134272744 -134269080
7 02002ed0 149 -134272744 -134269080
0 0205a31c 5 -134272752 -134270144
0 0205a5b0 5 -134272776 -134270168
93 02014774 2822 -134272776 -134269064
3 0200b104 4 -134272720 -134270112
4 02038e60 5 -134272720 -134270112
0 0205a2dc 4 -134272720 -134270112
15 020084b0 4 -134272728 -134270120
0 0201ced4 4 -134272720 -134270112
0 0205a1bc 2 -134271616 -134269008
1 02007518 1 -134269008 -134269008
1 0205a9b0 3 -134271616 -134269008
75 02036310 276 -134271648 -134269040
98 0203574c 636 -134271648 -134269040
0 0201d278 3041 -134269464 -134269008
37786 02001bbc 2817 -134269032 -134269032
221 0202b134 1000 -134269096 -134269096
6 020327a4 500 -134269080 -134269080
3258 02000b50 72687 -134269296 -134269104
1362 02045d40 72687 -134269312 -134269120
10 0201cb74 209 -134269208 -134269128
23 0202afec 500 -134269176 -134269176
1310 02008c9c 2817 -134269008 -134269008
45 02008544 2817 -134269024 -134269024
83 0204404c 2817 -134269008 -134269008
37 02050bf0 2817 -134269008 -134269008
1262 020523a0 2817 -134269080 -134269080
61266 02066c9c 2582937 -134269192 -134269080
30199 02052014 2817 -134269040 -134269040
975 02052220 2817 -134269040 -134269040
56792 020674e0 2817 -134269120 -134269120
1869 02008934 2817 -134269168 -134269168
3083 02008694 2817 -134269056 -134269056
2819 0201c764 2926 -134269480 -134269024
147 0201c8b0 1422 -134269096 -134269096
777 02059de4 2817 -134269040 -134269040
316 020078c0 2931 -134269040 -134269040
132 0205a01c 5248 -134269016 -134269016
2656 020440ac 2931 -134269064 -134269064
31023 02014b28 2931 -134269088 -134269088
1249 02008578 2931 -134269048 -134269048
43605 020025c4 2931 -134269048 -134269048
16988 02014e34 2931 -134269080 -134269080
28708 02014c98 2931 -134269104 -134269104
195 02044380 2931 -134269080 -134269080
2847 0201caa8 3040 -134269496 -134269040
1480 020083f4 2931 -134269056 -134269056
374 02003dac 2931 -134269160 -134269160
0 0205d7f0 3 -134269176 -134269176
170 0205d864 2930 -134269032 -134269032
881 0204f840 1422 -134269280 -134269112
2731 0204ee50 15698 -134269280 -134269112
249 020031a4 2930 -134269200 -134269200
57 0203fa98 3089 -134269464 -134269008
1 02007728 3 -134269176 -134269176
4 020083b8 196 -134269176 -134269176
17 0200275c 8 -134269192 -134269192
1 02007594 3 -134269176 -134269176
132 02000e60 1 -134269448 -134269448
0 02043ba4 1 -134269480 -134269480
59 02045dd0 1 -134270488 -134270488
96 0205e8b0 1 -134270528 -134270528
1269 02000ba4 4534 -134269696 -134269336
258 020131c4 319 -134269624 -134269168
242 02035df4 1287 -134269680 -134269112
54 0203549c 957 -134269680 -134269112
510 02036684 957 -134269760 -134269192
44 020132f0 329 -134269568 -134269112
165 02035aa8 688 -134269592 -134269136
79 0203657c 688 -134269616 -134269160
201 020133d4 1766 -134269568 -134269112
479 02035ba4 2537 -134269600 -134269144
2278 0203588c 2537 -134269600 -134269144
314 0203653c 1627 -134269624 -134269168
97 02013460 1701 -134269568 -134269112
98 020136e0 360 -134269600 -134269144
25 02013294 360 -134269600 -134269144
27 0201337c 359 -134269568 -134269112
405 020364c0 1276 -134269696 -134269072
0 020012c4 1 16384 -184549376
0 0205a4e4 2 -134271616 -134269008
0 0200af58 1 -134269008 -134269008
0 020464cc 1 -134269008 -134269008
0 02046524 1 -134269008 -134269008
0 02037558 1 -134269008 -134269008
0 02010cb8 1 -134269008 -134269008
1 02043784 1 -134269008 -134269008
114 020460e4 1 -134271600 -134271600
0 020438b8 43 -134273808 -134271368
0 02007554 1 -134271616 -134271616
264 0205bac4 2317 -134269024 -134269024
2106 0205af70 2317 -134269128 -134269128
1947 0204c484 2317 -134269024 -134269024
1369 0203c7c0 34881 -134269072 -134269072
1488 0203d944 18970 -134269120 -134269120
213 02012438 525 -134269184 -134269184
524 0203d650 2317 -134269216 -134269216
533 0203941c 2317 -134269008 -134269008
138 02051a64 1914 -134269144 -134269144
7972 020512d4 205777 -134269064 -134269064
4271 0204d98c 104192 -134269232 -134269184
1926 0203f7f8 2317 -134269080 -134269080
228034 02067254 2317 -134269048 -134269048
629 0201a004 2178 -134269008 -134269008
449 02019d2c 1093 -134269048 -134269048
40 0205dff4 1093 -134269064 -134269064
28 0205dfa0 1097 -134269064 -134269056
2985 0200afa8 4356 -134269080 -134269064
1663 0200dd0c 2317 -134269056 -134269056
84 0201cf60 2317 -134269016 -134269016
1120 0205a7d4 2317 -134269408 -134269408
2003 0204f790 46262 -134269112 -134269112
1969 0200b5ac 2431 -134269048 -134269048
1180 0205aa4c 2431 -134269096 -134269096
169 0204c708 2431 -134269080 -134269080
83 0201cf10 2431 -134269008 -134269008
776 02039494 2431 -134269440 -134269440
377 0201d120 2431 -134269120 -134269120
232 0205e76c 2430 -134269080 -134269080
1003 0205e550 2177 -134269088 -134269088
1264 0205e190 2177 -134269176 -134269176
115 0205e68c 2177 -134269072 -134269072
437 0205e434 2177 -134269064 -134269064
1 0205ba0c 2177 -134269040 -134269040
2 02047320 8 -134269024 -134269024
0 02019cc8 8 -134269040 -134269040
258 02018f78 1085 -134269032 -134269032
28 0205f3a0 1792 -134269088 -134269088
33 0205f4c0 1792 -134269088 -134269088
11 0205f430 1792 -134269096 -134269096
173 0205f234 1792 -134269072 -134269072
1666 0203fd4c 5376 -134269248 -134269248
349 02048e6c 3584 -134269120 -134269120
816 0203fc68 5376 -134269128 -134269128
145 02048644 1792 -134269112 -134269112
2069 02040c4c 8960 -134269272 -134269272
602 02040ab4 3584 -134269184 -134269184
1658 0200180c 994 -134269232 -134269168
2440 02040820 10752 -134269184 -134269184
4955 02040ebc 64512 -134269136 -134269136
359 0204078c 5376 -134269088 -134269088
161 0204065c 1792 -134269088 -134269088
5469 0204152c 28672 -134269192 -134269192
0 0203c47c 16 -134269208 -134269208
0 0203c440 16 -134269208 -134269208
337 0205f2a0 1792 -134269128 -134269128
2333 020333c8 30464 -134269136 -134269136
76 0203285c 1792 -134269056 -134269056
1080 02051098 19712 -134269104 -134269104
12298 02051720 64512 -134269104 -134269104
107 0204e014 3351 -134269144 -134269144
170 0204df44 3584 -134269144 -134269144
1644 0204e1c0 59134 -134269120 -134269120
1 0204e0e8 54 -134269144 -134269144
277 0201c1c4 1960 -134269160 -134269160
2 02051490 41 -134269104 -134269104
3 020513b0 18 -134269104 -134269104
0 020519e4 3 -134269160 -134269160
1 02051640 12 -134269104 -134269104
14 02051568 382 -134269104 -134269104
9393 020487e8 50977 -134269136 -134269136
0 0205ecd0 15 -134269080 -134269080
2 02038eb4 2 -134269112 -134269112
3 0204dbe4 26 -134269152 -134269152
1 02002f9c 1 -134269160 -134269160
0 020030f8 1 -134269160 -134269160
3 0204f720 20 -134269184 -134269184
0 02043808 1 -134269184 -134269184
